6480
5286
1172
1693
8283
2592
4159
5010
3380
8474
5747
5575
2542
2403
6204
3865
5331
7017
8426
1085
9999
5101
4371
8487
2804
9001
5520
3174
1692
3954
241
9814
6393
3417
4989
5946
6399
5711
3753
2500
1134
2821
3683
5712
6168
5164
1444
3428
7543
1165
3715
1904
7275
6084
2900
7688
3340
8482
3811
3545
6689
3222
9204
6602
4464
6549
4203
3423
393
8247
8957
2706
7514
1336
7666
2528
9579
7678
9611
1750
3730
3785
5944
9875
8744
5689
7437
9261
6966
1247
8119
1890
8965
4228
4474
5787
9103
3541
9387
8137
7159
7936
3088
1809
2155
5695
6920
9428
7521
9113
9801
1951
7388
4553
5052
1559
3603
68
4041
2976
