144 4307
5366 7135
5896 9348
8140 6144
288 8732
4330 407
233 2787
7823 6420
5640 8765
433 2299
6556 4424
8030 3633
375 3344
3121 8654
7491 3244
818 1658
8115 1217
8998 554
6062 670
1345 9017
6955 7301
9677 609
3218 6799
1449 786
5623 8929
2503 6483
6739 4205
5018 6370
5922 5333
1596 8276
5710 1487
3906 4865
2571 2105
7665 2123
6167 6030
1866 3706
5286 3794
4207 7323
4923 7082
4463 4889
7681 4393
2209 9361
949 6
847 6611
1640 5266
4503 4940
7064 4904
3725 1029
6939 541
2311 995
2503 3543
2902 6422
5058 803
1211 9384
3780 9420
4435 1125
499 4994
8445 1291
836 9085
9120 6372
6489 6001
1694 3267
4789 7877
3460 6021
3287 5051
8396 8492
5784 490
4233 347
3133 1683
7051 6825
9886 6354
3804 9968
7333 1226
8693 9694
8915 2741
6462 2279
6123 6905
7664 1155
3750 3045
4674 4707
8241 4801
4886 9819
9455 3491
7708 503
1694 8324
4920 5819
6232 9408
8674 7983
281 8193
9581 8501
5189 6320
5498 9513
2016 3644
3983 3764
6501 6585
9439 8396
267 2504
9309 1728
6629 7023
5948 3347
1812 4571
6026 4117
775 1120
6083 3656
3754 7121
4738 3941
3152 5767
1396 7289
6874 170
4071 3746
1663 3503
7357 1432
578 795
5233 1470
8942 788
3979 7574
9036 10
402 4503
6790 878
9389 8853
