8536
6175
6519
5958
2671
2922
2402
9759
1574
2096
5929
2221
6994
8232
3706
7206
2064
9509
9393
5919
5671
8368
4499
637
8467
8784
9830
882
7916
2536
3779
89
9210
3964
3626
6472
9600
3239
901
7732
7711
484
9850
758
9414
8623
9083
7258
8870
4541
852
8227
1513
6478
902
5818
7971
8991
8335
193
7838
6796
3081
7842
7179
8958
8948
9717
8746
9612
1645
6245
2408
5061
9144
6274
7707
873
7263
8708
3591
8231
8636
793
5853
3082
9051
3951
5163
1546
8816
5261
1659
5313
6674
2699
6954
5954
8619
771
9591
938
3684
55
2483
7043
5056
3476
7857
2892
5247
2568
7972
5730
1163
8195
602
7075
4570
9251
