1587 8394
1788 2756
2387 69
5780 310
3031 5252
6028 7275
746 2764
9976 4036
6954 9264
9761 4945
8358 7931
3146 5405
8987 3876
8450 6642
6648 6656
2714 5882
363 6832
2386 6436
295 7648
8186 986
8517 6583
1582 4280
6714 7802
9224 9153
2930 8961
1036 654
9518 3587
9527 2834
7038 4103
539 4999
3661 1545
1077 3794
8235 1057
5176 1193
7296 6605
3351 8370
9999 4337
4873 2801
1905 2378
7657 2072
158 5374
5144 7675
1234 6710
4699 1467
8489 2837
1870 4532
4586 1409
9400 8016
3500 850
8651 8837
1820 3386
2247 782
940 281
1262 3254
9554 3283
9019 9565
1938 4306
7151 1664
1528 1753
8577 9382
7634 5342
3255 1089
8848 6655
888 5539
7854 4777
8468 4512
8684 6398
3119 1608
8931 6571
3066 1236
8223 3436
9742 7121
3494 2867
1250 120
5279 3666
7570 4332
6665 6975
5211 9315
2146 1341
159 7946
5487 4753
1038 1082
9909 4796
4149 5686
8760 556
6062 3950
727 7393
3907 3407
4940 3363
4775 5950
8916 1815
8069 5025
7475 2600
9178 341
6974 2083
380 3024
699 7677
5669 8393
9781 7575
2779 3181
4062 8274
306 9458
7844 7104
8271 337
3649 7371
3074 4206
7994 3385
9426 5965
108 1198
3252 9805
8873 666
1694 3449
8047 2470
9171 6382
634 8419
9908 2818
8700 3602
9223 7197
7040 3505
9106 1115
